"ano2"	"dia2"	"GEP"	"Temp"	"PRP"
2005	1.25	8.24916666666667	NA	0
2005	2.25	8.24916666666667	NA	0
2005	3.25	8.24916666666667	NA	0
2005	4.25	8.24916666666667	NA	0
2005	5.25	8.24916666666667	NA	0
2005	6.25	8.24916666666667	NA	0
2005	7.25	8.24916666666667	NA	0
2005	8.25	8.24916666666667	NA	0
2005	9.25	8.24916666666667	NA	0
2005	10.25	10.9791666666667	NA	0
2005	11.25	10.97375	NA	0
2005	12.25	11.0658333333333	NA	0
2005	13.25	10.9033333333333	NA	0
2005	14.25	11.1741666666667	NA	0
2005	15.25	11.1470833333333	NA	0
2005	16.25	11.2120833333333	NA	0
2005	17.25	11.26625	NA	0
2005	18.25	11.2229166666667	NA	0
2005	19.25	11.12	NA	0
2005	20.25	11.12	NA	0
2005	21.25	11.12	NA	0
2005	22.25	11.12	NA	0
2005	23.25	11.1795833333333	NA	0
2005	24.25	11.1416666666667	NA	0
2005	25.25	11.0929166666667	NA	0
2005	26.25	11.39625	NA	0
2005	27.25	11.3258333333333	NA	0
2005	28.25	11.39625	NA	0
2005	29.25	11.1795833333333	NA	0
2005	30.25	11.1579166666667	NA	0
2005	31.25	10.9845833333333	NA	0
2005	32.25	10.8708333333333	NA	0
2005	33.25	11.1145833333333	NA	0
2005	34.25	11.1308333333333	NA	0
2005	35.25	11.1579166666667	NA	0
2005	36.25	11.1254166666667	NA	0
2005	37.25	10.99	NA	0
2005	38.25	10.795	NA	0
2005	39.25	10.7841666666667	NA	0
2005	40.25	10.73	NA	0
2005	41.25	10.5675	NA	0
2005	42.25	10.6325	NA	0
2005	43.25	10.5404166666667	NA	0
2005	44.25	10.51875	NA	0
2005	45.25	10.9195833333333	NA	0
2005	46.25	10.9845833333333	NA	0
2005	47.25	11.00625	NA	0
2005	48.25	11.0225	NA	0
2005	49.25	11.0279166666667	NA	0
2005	50.25	11.7758333333333	NA	0
2005	51.25	11.65125	NA	0
2005	52.25	10.33875	NA	0
2005	53.25	10.4145833333333	NA	0
2005	54.25	10.4254166666667	NA	0
2005	55.25	10.7725	NA	0
2005	56.25	10.9783333333333	NA	0
2005	57.25	10.8970833333333	NA	0
2005	58.25	10.85375	NA	0
2005	59.25	10.87	NA	0
2005	60.25	10.46625	NA	0
2005	61.25	10.3741666666667	NA	0
2005	62.25	10.38	NA	0
2005	63.25	10.4016666666667	NA	0
2005	64.25	9.62833333333333	26.1255555555556	0.25
2005	65.25	9.3625	26.7545833333333	2.53
2005	66.25	9.08916666666667	27.25375	2.53
2005	67.25	9.34625	26.0779166666667	17.27
2005	68.25	10.5058333333333	25.5854166666667	0.25
2005	69.25	7.67708333333333	26.2495833333333	0
2005	70.25	8.64875	26.0666666666667	1.39
2005	71.25	7.92791666666667	23.9345833333333	16.37
2005	72.25	9.42583333333333	24.3304166666667	16.99
2005	73.25	9.9775	24.2358333333333	21.7
2005	74.25	9.30625	24.5770833333333	32.75
2005	75.25	10.0416666666667	25.2454166666667	2.02
2005	76.25	10.5891666666667	25.915	3.3
2005	77.25	8.79125	25.0266666666667	1
2005	78.25	7.82458333333333	23.7920833333333	11.66
2005	79.25	8.15083333333333	24.5041666666667	0.12
2005	80.25	8.02625	24.1520833333333	3.04
2005	81.25	8.0065472427728	24.2020833333333	6.59
2005	82.25	6.66166666666667	23.6379166666667	9.37
2005	83.25	10.7624879116522	24.7708333333333	0.62
2005	84.25	12.0334644662395	24.5629166666667	0
2005	85.25	12.4926940730461	24.97125	5.32
2005	86.25	11.8089018810093	24.2129166666667	6.21
2005	87.25	8.43864902069331	23.6716666666667	17.64
2005	88.25	12.9209853660639	24.9679166666667	3.52
2005	89.25	6.74558450007283	24.1845833333333	3.9
2005	90.25	9.95897837934553	24.5341666666667	12.17
2005	91.25	9.01291666666667	25.1016666666667	0.51
2005	92.25	9.5925	25.9220833333333	4.32
2005	93.25	10.2525	25.7575	8.51
2005	94.25	9.96166666666667	25.3670833333333	0.76
2005	95.25	7.90083333333333	24.9125	6.74
2005	96.25	10.6616666666667	24.8820833333333	32.76
2005	97.25	8.58541666666667	25.965	0.13
2005	98.25	9.01208333333333	24.665	20.17
2005	99.25	9.59208333333333	25.3675	0
2005	100.25	9.29083333333333	25.7395833333333	4.83
2005	101.25	10.3754166666667	25.2883333333333	11.82
2005	102.25	8.09666666666667	24.9045833333333	4.32
2005	103.25	9.48625	25.8745833333333	24.89
2005	104.25	8.56416666666667	24.5895833333333	1.14
2005	105.25	11.3483559178654	25.4266666666667	6.74
2005	106.25	8.73666666666667	25.21375	9.14
2005	107.25	10.3295833333333	26.37625	0
2005	108.25	8.81458333333333	26.8395833333333	0
2005	109.25	4.25458333333333	24.1741666666667	6.74
2005	110.25	10.4783333333333	24.8891666666667	3.16
2005	111.25	10.6420833333333	25.4383333333333	1.52
2005	112.25	8.16083333333333	26.3720833333333	0
2005	113.25	9.11666666666667	25.8075	4.71
2005	114.25	4.48384913105364	22.3208333333333	28.19
2005	115.25	9.91208333333333	25.6254166666667	1.53
2005	116.25	8.15216821292898	26.5	5.34
2005	117.25	7.9225	25.8291666666667	18.66
2005	118.25	4.82723566872827	22.79375	25.79
2005	119.25	8.09958333333333	25.0525	3.18
2005	120.25	8.38208333333333	25.5508333333333	8
2005	121.25	7.36625	24.27125	5.47
2005	122.25	8.1875	25.41875	0
2005	123.25	8.19416666666667	25.32375	0
2005	124.25	7.82083333333333	25.6325	2.81
2005	125.25	7.2544246343869	25.7020833333333	6.22
2005	126.25	8.90875	25.3783333333333	0.51
2005	127.25	8.595	24.6941666666667	7.75
2005	128.25	9.0725	24.575	3.93
2005	129.25	9.38625	24.7633333333333	2.16
2005	130.25	7.38416666666667	26.3620833333333	0.13
2005	131.25	9.465	26.8170833333333	8.26
2005	132.25	9.645	26.2716666666667	2.04
2005	133.25	8.78625	25.8666666666667	3.05
2005	134.25	9.46516664456391	25.9404166666667	3.17
2005	135.25	9.90708333333333	25.3504166666667	8.12
2005	136.25	8.25541666666667	26.5708333333333	13.21
2005	137.25	10.0736220816508	25.895	3.18
2005	138.25	5.06541666666667	23.6045833333333	16.13
2005	139.25	9.4675	24.60125	30.12
2005	140.25	10.2433333333333	24.865	0.38
2005	141.25	8.57125	24.8320833333333	10.03
2005	142.25	8.10017300178303	23.9616666666667	1.27
2005	143.25	9.10833333333333	25.3916666666667	0.38
2005	144.25	9.02333333333333	25.3058333333333	2.92
2005	145.25	6.01872896256439	24.035	10.8
2005	146.25	7.11166666666667	25.1879166666667	0.25
2005	147.25	7.26625	25.4158333333333	4.96
2005	148.25	9.48791666666667	25.7629166666667	2.67
2005	149.25	7.35916666666667	25.1508333333333	8.11
2005	150.25	7.60200043477667	25.00375	14.1
2005	151.25	8.94041666666667	25.1354166666667	3.56
2005	152.25	8.13375	25.1525	0.51
2005	153.25	7.6875	26.16125	2.92
2005	154.25	8.98375	25.715	0.63
2005	155.25	10.5633333333333	26.1975	5.46
2005	156.25	7.07833333333333	26.7025	0.38
2005	157.25	9.49333333333333	25.76875	9.27
2005	158.25	6.85391666666667	25.3758333333333	0.26
2005	159.25	8.59625	25.0516666666667	4.95
2005	160.25	7.84	25.8595833333333	8
2005	161.25	9.57375	26.2854166666667	4.69
2005	162.25	10.7216666666667	25.9479166666667	0
2005	163.25	9.77708333333333	26.85625	0
2005	164.25	11.8020833333333	26.40625	0
2005	165.25	10.4033333333333	25.7433333333333	0
2005	166.25	8.09958333333333	26.71875	0
2005	167.25	11.0441666666667	26.9608333333333	0
2005	168.25	9.21375	26.4575	0
2005	169.25	9.02454722814151	26.4091666666667	0
2005	170.25	11.15375	25.6716666666667	0.38
2005	171.25	8.785	26.2545833333333	0
2005	172.25	8.56416666666667	26.715	0
2005	173.25	8.77166666666667	25.5508333333333	2.29
2005	174.25	8.42	25.0266666666667	0
2005	175.25	9.66333333333333	25.6608333333333	0
2005	176.25	9.37958333333333	25.6491666666667	3.29
2005	177.25	9.68445833333333	25.6054166666667	1.9
2005	178.25	10.3025	24.7945833333333	0.26
2005	179.25	7.79541666666667	26.61125	0
2005	180.25	6.79583333333333	27.40125	0
2005	181.25	7.99416666666667	26.88	0
2005	182.25	7.70591621814774	24.0704166666667	5.21
2005	183.25	5.2360636224441	23.50375	1.01
2005	184.25	7.72541666666667	26.0033333333333	0
2005	185.25	9.14958333333333	26.5345833333333	0
2005	186.25	9.92820833333333	24.0458333333333	0.13
2005	187.25	8.77166666666667	25.6508333333333	0
2005	188.25	7.81791666666667	25.9933333333333	0
2005	189.25	9.295	25.2058333333333	0.25
2005	190.25	6.30684804759733	23.2533333333333	8.64
2005	191.25	9.85819336668011	24.2525	1.4
2005	192.25	8.42333333333333	24.8383333333333	0
2005	193.25	7.795	26.3983333333333	0
2005	194.25	7.9175	26.0995833333333	15.75
2005	195.25	8.1	25.8654166666667	0
2005	196.25	6.77833333333333	26.6191666666667	0
2005	197.25	9.96625	26.33125	1.27
2005	198.25	9.26666666666667	26.155	0.13
2005	199.25	8.56916666666667	26.84875	0
2005	200.25	10.01625	26.7708333333333	0
2005	201.25	10.4508333333333	26.6016666666667	0
2005	202.25	9.80666666666667	26.6770833333333	0.51
2005	203.25	11.48	25.6945833333333	0
2005	204.25	10.7854166666667	26.6095833333333	0
2005	205.25	8.82875	27.12125	0
2005	206.25	9.63916666666667	26.1054166666667	0
2005	207.25	8.96333333333333	26.9829166666667	0
2005	208.25	9.2	26.8991666666667	0
2005	209.25	11.4074420833267	26.5195833333333	3.17
2005	210.25	12.5554330843645	26.5325	0
2005	211.25	12.5241764743088	26.8279166666667	0
2005	212.25	12.0873116537413	26.7020833333333	0
2005	213.25	12.3742858237711	27.1883333333333	0
2005	214.25	10.6258406781915	27.1520833333333	0
2005	215.25	9.795	26.9175	0
2005	216.25	9.60083333333333	27.31625	0
2005	217.25	9.24125	27.50875	0
2005	218.25	8.97958333333333	27.1008333333333	0
2005	219.25	9.43041666666667	27.2404166666667	0
2005	220.25	7.90208333333333	26.8029166666667	0
2005	221.25	9.13625	25.8220833333333	0
2005	222.25	9.24291666666667	25.8145833333333	0
2005	223.25	8.89083333333333	25.6233333333333	0.51
2005	224.25	8.06820833333333	25.0416666666667	0.13
2005	225.25	8.99958333333333	25.8604166666667	0
2005	226.25	9.60833333333333	26.3283333333333	3.29
2005	227.25	6.45416666666667	26.0766666666667	1.02
2005	228.25	8.37791666666667	26.0225	0
2005	229.25	8.09125	25.2083333333333	2.81
2005	230.25	8.36166666666667	25.8725	0.89
2005	231.25	9.80083333333333	26.5370833333333	0
2005	232.25	8.48791666666667	27.0925	0
2005	233.25	6.44291666666667	26.9470833333333	0
2005	234.25	7.84291666666667	26.7554166666667	0
2005	235.25	7.86125	26.0870833333333	0
2005	236.25	6.75125	27.1120833333333	0
2005	237.25	8.5	25.5320833333333	3.68
2005	238.25	7.86625	26.6025	0.26
2005	239.25	9.24708333333333	26.0625	0
2005	240.25	9.44625	25.0075	0.39
2005	241.25	9.53541666666667	25.0358333333333	0.26
2005	242.25	8.20583333333333	26.4070833333333	0
2005	243.25	8.88291666666667	26.8925	0
2005	244.25	9.47	26.2795833333333	0
2005	245.25	8.39958333333333	26.2304166666667	0
2005	246.25	8.96916666666667	26.0579166666667	2.55
2005	247.25	7.88666666666667	25.8233333333333	1.52
2005	248.25	8.75833333333333	25.9766666666667	0.39
2005	249.25	9.91458333333333	25.6470833333333	3.94
2005	250.25	7.35875	25.8541666666667	0.39
2005	251.25	9.11041666666667	25.6425	0
2005	252.25	9.76583333333333	25.3054166666667	5.09
2005	253.25	8.82708333333333	25.7770833333333	0
2005	254.25	10.8530529069436	26.0791666666667	0
2005	255.25	10.7556460251188	26.1091666666667	0
2005	256.25	10.9434305666317	26.4391666666667	0
2005	257.25	9.55408694045815	25.47875	0
2005	258.25	9.07734408715528	24.575	3.93
2005	259.25	9.94836359522991	25.82125	0
2005	260.25	10.7242077776983	26.2875	0
2005	261.25	11.1164851150897	27.0404166666667	0
2005	262.25	11.6405364462948	27.5008333333333	0
2005	263.25	10.2181552815442	26.3095833333333	0
2005	264.25	11.032058465133	26.6166666666667	0
2005	265.25	10.8188624534403	26.615	0
2005	266.25	10.8173439421374	26.215	1.8
2005	267.25	11.0354315800063	25.3091666666667	0.13
2005	268.25	11.7390662572887	26.68	0
2005	269.25	11.3498022110552	26.1854166666667	0
2005	270.25	10.2100527470347	26.5091666666667	0
2005	271.25	9.50171767482384	25.4091666666667	2.29
2005	272.25	10.2271182925352	26.5175	0.13
2005	273.25	10.1887838259121	26.8629166666667	0
2005	274.25	10.8678420850204	27.0908333333333	0
2005	275.25	10.5093750984139	27.2541666666667	0
2005	276.25	9.80804892980169	26.2791666666667	0.65
2005	277.25	10.5406942090183	26.2279166666667	0.13
2005	278.25	10.4534663825888	26.64	0
2005	279.25	10.2956725156095	26.32	0
2005	280.25	10.2167909534614	26.6345833333333	0
2005	281.25	10.4310063531587	26.075	2.16
2005	282.25	9.49216987990968	25.9595833333333	0.13
2005	283.25	9.83731227538046	26.3475	0
2005	284.25	7.65631387318947	24.0470833333333	0
2005	285.25	7.89009821368666	24.3366666666667	0.13
2005	286.25	9.17381907563754	26.4908333333333	4.06
2005	287.25	7.75583333333333	27	0
2005	288.25	9.09	26.065	0.76
2005	289.25	10.3633531280161	26.2070833333333	0
2005	290.25	9.11750564294633	26.1483333333333	0
2005	291.25	9.58418086975309	26.4695833333333	0
2005	292.25	11.0314134780117	26.90875	0
2005	293.25	9.12211180320727	25.6645833333333	0.76
2005	294.25	9.15354833605472	25.5308333333333	2.03
2005	295.25	9.47144474587892	25.6733333333333	0.13
2005	296.25	10.1369769312445	26.3491666666667	2.54
2005	297.25	10.0599663455938	26.14	0
2005	298.25	10.4410482436092	27.1041666666667	0
2005	299.25	10.1324541519526	26.6895833333333	0
2005	300.25	10.1985072582945	26.6670833333333	0
2005	301.25	10.4685468453291	26.8108333333333	0
2005	302.25	10.3650184532428	27.1725	0
2005	303.25	10.9572938925979	27.3820833333333	0
2005	304.25	10.9186412198405	27.10375	0
2005	305.25	8.97925980844065	26.2875	0.76
2005	306.25	10.252866685237	26.87625	0
2005	307.25	9.97062324493423	27.3641666666667	0
2005	308.25	8.74693721885563	26.0808333333333	4.32
2005	309.25	8.71137921252043	26.0266666666667	0
2005	310.25	9.85112167111749	26.5808333333333	0
2005	311.25	8.97596722660601	27.1825	0
2005	312.25	7.00238102004781	26.915	0
2005	313.25	8.94429527145925	26.5904166666667	0.38
2005	314.25	9.58963655269568	26.9133333333333	0
2005	315.25	9.47378779975402	27.0766666666667	0
2005	316.25	9.64221466392845	26.6870833333333	0
2005	317.25	10.0963195829687	27.12	0
2005	318.25	10.1590445479813	27.3829166666667	0
2005	319.25	9.35211721730858	25.78375	0.89
2005	320.25	8.71980117060398	26.2095833333333	0
2005	321.25	9.00379713828735	27.1579166666667	0
2005	322.25	9.2113056050272	27.1820833333333	0
2005	323.25	9.15866533065783	26.8654166666667	0
2005	324.25	7.92272005301882	26.6420833333333	0
2005	325.25	8.17204162511314	26.8304166666667	0
2005	326.25	7.74326570361329	26.8175	0
2005	327.25	8.65200308155241	26.64125	0
2005	328.25	8.89767980313815	27.25125	0
2005	329.25	8.95193724618801	27.1004166666667	0
2005	330.25	8.39140073811088	27.3195833333333	0
2005	331.25	3.94471710658975	23.6758333333333	31.51
2005	332.25	6.53129951402789	25.93	0
2005	333.25	7.24601284956232	25.9529166666667	0
2005	334.25	7.11625	26.7108333333333	0
2005	335.25	8.30583333333333	26.7275	0
2005	336.25	5.15199380568767	24.3570833333333	5.45
2005	337.25	5.7725	25.4366666666667	0.26
2005	338.25	5.48584575502039	23.9208333333333	7.87
2005	339.25	4.24	23.9291666666667	2.54
2005	340.25	5.29393429633911	24.57	0.38
2005	341.25	1.98625	24.1604166666667	17.53
2005	342.25	5.43625	24.8029166666667	2.92
2005	343.25	6.3422414163683	24.5325	0.25
2005	344.25	6.52958333333333	25.88875	0
2005	345.25	7.275	25.9908333333333	0
2005	346.25	6.05708333333333	26.775	0
2005	347.25	6.32059054449795	26.6495833333333	0
2005	348.25	8.59708333333333	25.7254166666667	1.28
2005	349.25	6.1493392650357	23.3770833333333	4.45
2005	350.25	7.15014518730007	24.91625	9.9
2005	351.25	6.4175	25.7970833333333	0
2005	352.25	6.79416666666667	24.4491666666667	6.49
2005	353.25	7.15	24.0391666666667	13.85
2005	354.25	6.24034093921638	23.3629166666667	14.1
2005	355.25	6.56608864755189	23.395	12.06
2005	356.25	6.02001807441731	24.1641666666667	10.04
2005	357.25	3.10166666666667	23.40125	19.19
2005	358.25	5.77416666666667	23.6291666666667	7.62
2005	359.25	5.79458333333333	25.3183333333333	0.25
2005	360.25	7.22666666666667	26.1304166666667	0
2005	361.25	5.28244939926875	23.81625	8.63
2005	362.25	8.37708333333333	24.1	2.29
2005	363.25	5.25125	22.99125	2.28
2005	364.25	9.91	25.0008333333333	0.76
2005	365.25	9.95128408140693	23.6145833333333	43.05
2006	1.25	10.3343710423188	24.4475	1.9
2006	2.25	9.28208333333333	25.37375	0.76
2006	3.25	8.66833333333333	25.0475	5.97
2006	4.25	6.77291666666667	22.9104166666667	5.33
2006	5.25	7.00416666666667	24.28875	1.02
2006	6.25	9.02166666666667	24.9904166666667	0.76
2006	7.25	7.04492144661664	23.9483333333333	2.92
2006	8.25	7.19708333333333	24.03625	27.06
2006	9.25	7.50291666666667	22.7258333333333	1.79
2006	10.25	7.77097521884304	25.2325	0.51
2006	11.25	8.30874935133552	23.3745833333333	22.47
2006	12.25	8.11875	23.5883333333333	1.27
2006	13.25	8.2775	26.0320833333333	0
2006	14.25	8.60916666666667	25.6616666666667	0
2006	15.25	8.28208333333333	25.8841666666667	21.21
2006	16.25	11.0094408315516	24.9225	29.96
2006	17.25	6.47333333333333	23.8133333333333	0.13
2006	18.25	6.87492112698463	23.8108333333333	9.65
2006	19.25	7.67375	24.4416666666667	4.06
2006	20.25	6.22182433047141	22.6125	12.45
2006	21.25	4.86791666666667	24.7591666666667	2.92
2006	22.25	7.03541666666667	25.57625	9.02
2006	23.25	7.20375	25.9975	0
2006	24.25	8.97916666666667	25.7554166666667	13.71
2006	25.25	7.3675	26.1691666666667	0
2006	26.25	8.52958333333333	26.73125	0.63
2006	27.25	9.13708333333333	26.5070833333333	0
2006	28.25	8.29958333333333	26.5104166666667	12.45
2006	29.25	7.56899233279954	25.1679166666667	8.39
2006	30.25	7.15958333333333	24.79	2.42
2006	31.25	8.29477868513278	24.0979166666667	5.08
2006	32.25	6.195	24.5379166666667	15.76
2006	33.25	7.52375	24.7408333333333	5.21
2006	34.25	6.99208333333333	25.5454166666667	0
2006	35.25	7.90296808571531	24.2975	0
2006	36.25	7.32083333333333	23.5691666666667	3.3
2006	37.25	5.18312708251843	22.1779166666667	19.31
2006	38.25	7.3475	23.7925	0.52
2006	39.25	8.60416666666667	24.525	2.14
2006	40.25	10.1606788551855	25.89375	0.12
2006	41.25	7.9375	NA	0
2006	42.25	9.83541666666667	NA	0
2006	43.25	15.2016666666667	NA	0
2006	44.25	14.8079166666667	NA	0
2006	45.25	15.0866666666667	NA	0
2006	46.25	14.41	NA	0
2006	47.25	14.0754166666667	NA	0
2006	48.25	13.9345833333333	NA	0
2006	49.25	13.89125	NA	0
2006	50.25	13.7991666666667	NA	0
2006	51.25	13.85875	NA	0
2006	52.25	13.5933333333333	NA	0
2006	53.25	13.6041666666667	NA	0
2006	54.25	12.764856492604	25.8947368421053	0.63
2006	55.25	9.5070094145429	23.92	0.24
2006	56.25	11.7769855575846	25.4691666666667	8.51
2006	57.25	7.28254080452615	23.2154166666667	5.92
2006	58.25	6.48180129550533	23.8825	6.32
2006	59.25	7.06036991676967	23.9825	1.25
2006	60.25	10.1191044839478	24.6175	0.26
2006	61.25	12.5238367177616	24.7366666666667	0
2006	62.25	4.31030814400776	22.7220833333333	36.72
2006	63.25	8.46319825823593	24.0091666666667	4.57
2006	64.25	9.57333483871708	24.21375	4.44
2006	65.25	11.1762921168064	25.3554166666667	0.13
2006	66.25	8.80009537568784	24.50625	3.43
2006	67.25	10.5814716247278	24.4166666666667	0.13
2006	68.25	10.4051992563214	25.0204166666667	2.03
2006	69.25	11.7793049200292	24.8291666666667	0.26
2006	70.25	10.9736021402253	24.755	1.14
2006	71.25	10.4446229420776	24.6358333333333	6.1
2006	72.25	10.258822614201	24.7041666666667	0.38
2006	73.25	11.2242222156932	24.4904166666667	0
2006	74.25	11.8159476058166	25.31125	1.91
2006	75.25	8.55416600951454	9.87375	5.71
2006	76.25	9.80041666666667	31.6183333333333	8.5
2006	77.25	9.19083754441577	23.895	1.78
2006	78.25	1.41083333333333	40.3371428571429	0.63
2006	79.25	10.1283333333333	NA	0
2006	80.25	14.1054762374817	25.278125	0.51
2006	81.25	7.77244611184469	23.86625	16.77
2006	82.25	10.1722880350823	24.1825	8.89
2006	83.25	8.70010422351642	23.5720833333333	4.32
2006	84.25	11.8425	24.42625	0.38
2006	85.25	10.6099952936586	24.3966666666667	0.13
2006	86.25	11.6807368059064	24.9033333333333	3.94
2006	87.25	10.6997998882618	24.4845833333333	13.59
2006	88.25	10.618953129829	24.3425	8.26
2006	89.25	6.43140014670194	22.9516666666667	3.05
2006	90.25	8.70554941563915	23.7579166666667	1.01
2006	91.25	7.4471676639837	22.8929166666667	18.54
2006	92.25	8.44169340469469	23.9075	3.31
2006	93.25	8.64192974104488	23.6266666666667	1.01
2006	94.25	9.83244744659709	23.7854166666667	7.63
2006	95.25	9.13074637966242	24.19875	0.26
2006	96.25	12.065	24.41	3.56
2006	97.25	10.7891322922643	24.335	5.71
2006	98.25	8.28120700109377	23.75	15.61
2006	99.25	10.7343146813311	25.7025	2.41
2006	100.25	10.8093842361008	25.1083333333333	0
2006	101.25	10.3370276342961	23.2183333333333	0.13
2006	102.25	7.79189933599349	23.5333333333333	1.04
2006	103.25	8.1623469236056	25.0975	5.33
2006	104.25	9.95583333333333	25.2608333333333	0
2006	105.25	8.89525634345744	24.85375	0.65
2006	106.25	6.96236660821563	22.7016666666667	1.3
2006	107.25	6.60927130120341	23.4579166666667	15.88
2006	108.25	8.1475	25.1425	9.78
2006	109.25	9.68375	25.3379166666667	2.91
2006	110.25	3.54633211397067	22.9654166666667	0.65
2006	111.25	4.57416666666667	-3097.37222222222	9234.88
2006	112.25	10.2001832990388	-3310.489	0.13
2006	113.25	9.89963000255279	-2901.01277777778	0.13
2006	114.25	10.6536421686549	-2866.72764705882	0
2006	115.25	10.9917570477665	-3048.78	7.24
2006	116.25	11.0588721933615	-1949.3775	3.31
2006	117.25	12.0850841498453	-1729.926875	0.67
2006	118.25	12.7918104463313	-1252.55090909091	0.13
2006	119.25	13.7236928018434	-1144.35166666667	0
2006	120.25	13.8587654792252	-931.896363636364	2.14
2006	121.25	14.4473344669976	-850.824166666667	0.13
2006	122.25	13.598014304392	-1144.75583333333	0
2006	123.25	12.9762274486722	26.6566666666667	0.13
2006	124.25	14.7610567288546	-324.353	0
2006	125.25	14.0325761622683	1818.5	0
2006	126.25	13.5428586372315	1861.81818181818	0
2006	127.25	12.0505438954156	-326.465	1.4
2006	128.25	13.737462032404	27.0718181818182	3.79
2006	129.25	14.2608315315048	26.91	1.28
2006	130.25	15.0908600481742	26.83	2.15
2006	131.25	12.0000842774566	23.4294736842105	0
2006	132.25	7.2986326376573	24.3170833333333	0.13
2006	133.25	11.7611803581513	25.73125	0
2006	134.25	9.51372355329339	24.8579166666667	0
2006	135.25	11.7933224315805	25.6541666666667	0
2006	136.25	10.0658370274978	24.9004166666667	0.13
2006	137.25	11.6865000694721	24.755	0.26
2006	138.25	11.070944406727	24.4825	0.26
2006	139.25	9.29357645803312	23.6158333333333	0
2006	140.25	10.1521237620381	24.2958333333333	0
2006	141.25	12.0082293493454	25.61625	0
2006	142.25	10.6344972204609	25.0120833333333	0
2006	143.25	10.2112531983681	25.1091666666667	0.78
2006	144.25	7.59406008586205	23.4258333333333	0.91
2006	145.25	9.37744152973261	24.3729166666667	2.21
2006	146.25	11.7099009686948	25.6204166666667	1.69
2006	147.25	12.4825677406805	26.1720833333333	1.04
2006	148.25	7.77114021491249	24.22625	0.39
2006	149.25	9.4908661840991	23.9141666666667	2.21
2006	150.25	12.043246189097	25.2329166666667	2.08
2006	151.25	10.0042896115044	24.75	0.78
2006	152.25	10.1138894919753	26.2404166666667	0
2006	153.25	8.96759306474912	25.1958333333333	0
2006	154.25	8.30582539072508	26.35375	0
2006	155.25	8.4090812150615	26.3483333333333	0
2006	156.25	8.34787991508677	25.92875	0
2006	157.25	7.95814660356487	25.1608333333333	0
2006	158.25	8.30595663369802	24.7208333333333	0
2006	159.25	8.57886447964671	25.7579166666667	0
2006	160.25	7.15931442971166	24.9195833333333	0
2006	161.25	8.59323646005489	24.5408333333333	0
2006	162.25	5.46653931082191	23.1158333333333	0
2006	163.25	7.10790082559545	23.9716666666667	0
2006	164.25	9.1948392711587	25.245	0
2006	165.25	5.93443587042026	23.9945833333333	0
2006	166.25	9.37694280735586	25.8558333333333	0
2006	167.25	7.83244632150804	24.0425	0
2006	168.25	8.88965708560223	24.7770833333333	0
2006	169.25	8.77817442559927	24.48875	0
2006	170.25	9.98224908409457	25.91875	0
2006	171.25	9.98022596961519	26.3779166666667	0
2006	172.25	9.69923168024317	26.6579166666667	0
2006	173.25	9.58235155367867	26.9	0
2006	174.25	9.05990122087376	25.80625	0
2006	175.25	9.32370137366542	25.7433333333333	0
2006	176.25	9.24093057580487	26.51	0
2006	177.25	7.45861703909918	25.3841666666667	0
2006	178.25	8.80412846613627	26.0504166666667	0
2006	179.25	9.65373956510911	25.8833333333333	0.77
2006	180.25	9.45224337414148	25.8291666666667	0.13
2006	181.25	7.60125579539726	25.49	0
2006	182.25	7.10382269187977	25.7616666666667	0
2006	183.25	6.11889090843011	25.0458333333333	0
2006	184.25	7.5375181773749	24.4025	0
2006	185.25	8.36423510074418	25.6616666666667	0
2006	186.25	9.58828858188802	26.24875	0.38
2006	187.25	5.5353776492142	26.4279166666667	0
2006	188.25	4.96916666666667	25.9329166666667	3.17
2006	189.25	5.66	26.1625	0
2006	190.25	6.95333333333333	26.895	0
2006	191.25	6.5425	27.3133333333333	0
2006	192.25	6.92518210501947	26.5325	15.37
2006	193.25	4.72660456091414	25.53	2.91
2006	194.25	5.90916666666667	26.4766666666667	0
2006	195.25	6.21166666666667	26.8120833333333	0
2006	196.25	5.07291666666667	26.5904166666667	0
2006	197.25	3.71083333333333	27.2125	0
2006	198.25	5.26346231841767	26.1595833333333	0
2006	199.25	8.81984639032138	25.8904166666667	0
2006	200.25	6.83958333333333	26.1966666666667	11.18
2006	201.25	6.55397306003965	23.88125	2.15
2006	202.25	6.02580109363851	25.1933333333333	0.38
2006	203.25	7.20659347602466	24.97875	1.52
2006	204.25	7.2406221058477	26.1366666666667	0
2006	205.25	8.74248116671116	26.4520833333333	0
2006	206.25	8.9173179545744	26.3875	0
2006	207.25	8.52798297974273	26.1675	0
2006	208.25	7.68185084543609	25.0991666666667	0.89
2006	209.25	8.64615497338075	25.8825	0.13
2006	210.25	8.58698084412283	25.2179166666667	5.46
2006	211.25	7.85954774079079	25.4991666666667	0
2006	212.25	8.97519269536415	25.8795833333333	0
2006	213.25	8.92643018653096	25.6358333333333	14.87
2006	214.25	8.02130008537078	25.0283333333333	0
2006	215.25	9.66514135701151	26.75	0
2006	216.25	9.53844914263145	26.9158333333333	0
2006	217.25	9.54274644735442	26.5308333333333	0
2006	218.25	10.1734657361262	26.82	0
2006	219.25	10.8925325134577	26.7904166666667	0
2006	220.25	12.4121315419352	26.8104166666667	0
2006	221.25	12.142012766757	27.25	0
2006	222.25	10.4835076887064	26.1625	0
2006	223.25	11.8541404436475	26.0275	1.14
2006	224.25	11.4381994609459	26.3408333333333	1.52
2006	225.25	11.3458079477014	26.4070833333333	0.25
2006	226.25	11.2492797079596	26.7233333333333	0
2006	227.25	11.607835096516	26.725	0
2006	228.25	11.8081225636696	26.9283333333333	0
2006	229.25	8.71120269741264	24.914	0
2006	230.25	7.305	25.9318181818182	7.62
2006	231.25	8.99458333333333	24.8941666666667	3.69
2006	232.25	10.3104166666667	26.7266666666667	0
2006	233.25	9.115	26.7570833333333	0
2006	234.25	10.12625	26.4741666666667	0
2006	235.25	9.82958333333333	25.7795833333333	0
2006	236.25	9.55	26.1104166666667	0.26
2006	237.25	10.6341666666667	26.41125	0
2006	238.25	9.09166666666667	26.1116666666667	0
2006	239.25	9.61083333333333	26.68125	0
2006	240.25	10.9516666666667	27.0679166666667	0
2006	241.25	9.61583333333333	26.85875	0
2006	242.25	11.2179166666667	26.4695833333333	0
2006	243.25	9.79666666666667	26.7066666666667	0
2006	244.25	11.1920833333333	26.44625	0
2006	245.25	9.0125	27.1458333333333	0
2006	246.25	10.8745833333333	27.2433333333333	0
2006	247.25	11.13	26.815	0.38
2006	248.25	9.99916666666667	26.0795833333333	5.84
2006	249.25	7.9925	26.48125	0
2006	250.25	10.5391666666667	26.2504166666667	0
2006	251.25	7.30958333333333	26.26375	0
2006	252.25	10.0904166666667	26.2579166666667	0
2006	253.25	8.62738646372152	27.0116666666667	0
2006	254.25	12.5243211072621	26.895	0
2006	255.25	11.6742159490536	26.2266666666667	0.52
2006	256.25	10.0429330662419	24.6266666666667	3.31
2006	257.25	11.2294030797638	25.445	0
2006	258.25	11.0288621618075	26.7808333333333	0
2006	259.25	10.6826054207261	26.6279166666667	0
2006	260.25	10.7180363841434	25.97375	0
2006	261.25	11.0370076845662	25.73375	0
2006	262.25	9.95641768217801	26.2095833333333	0
2006	263.25	10.9488665062667	26.1591666666667	0
2006	264.25	10.9175234698649	26.5958333333333	0
2006	265.25	10.903866589844	26.6816666666667	0
2006	266.25	11.2551882835078	26.8654166666667	0
2006	267.25	10.4216401602675	26.37	0.25
2006	268.25	11.1950007644902	26.83125	0
2006	269.25	10.6057035896715	26.0945833333333	0.13
2006	270.25	12.6016666666667	24.7641666666667	0.25
2006	271.25	11.9009063692067	25.7120833333333	0
2006	272.25	9.60825505015267	26.7858333333333	0.13
2006	273.25	12.5116666666667	26.34625	0.38
2006	274.25	11.5470833333333	25.9045833333333	0.38
2006	275.25	10.615	25.7920833333333	0.38
2006	276.25	11.2116666666667	25.8270833333333	1.4
2006	277.25	11.1758333333333	26.1495833333333	0.76
2006	278.25	11.2120833333333	26.2691666666667	0
2006	279.25	9.47315916324902	26.2245833333333	0
2006	280.25	11.42125	27.2225	0
2006	281.25	10.1145143601498	26.4983333333333	0
2006	282.25	10.4278805849325	26.39125	0
2006	283.25	11.0879166666667	26.0179166666667	3.05
2006	284.25	11.98375	26.3491666666667	0
2006	285.25	11.1499710898239	26.7283333333333	0
2006	286.25	10.8003612820664	26.5691666666667	0
2006	287.25	11.7197505367651	26.5616666666667	0
2006	288.25	8.80288308597265	26.5470833333333	1.02
2006	289.25	10.8015548956188	26.83375	0
2006	290.25	12.7073079452185	27.3616666666667	0
2006	291.25	11.3029166666667	26.0108333333333	0
2006	292.25	10.3304166666667	24.7041666666667	1.52
2006	293.25	11.2345833333333	26.8366666666667	0.13
2006	294.25	11.1222902569764	27.1808333333333	0
2006	295.25	10.1095678530126	26.85625	0
2006	296.25	12.2545833333333	27.2170833333333	0
2006	297.25	11.7570833333333	26.2375	0
2006	298.25	10.4212416482765	25.44375	8.76
2006	299.25	11.8308333333333	26.4470833333333	0
2006	300.25	12.7020833333333	27.3041666666667	0
2006	301.25	11.5741783052369	27.5520833333333	0
2006	302.25	10.7319286391895	26.97	0
2006	303.25	10.9086175883589	27.1391666666667	0
2006	304.25	12.8525	27.215	0
2006	305.25	10.2260313463955	26.5829166666667	0
2006	306.25	11.88625	26.835	0
2006	307.25	12.4379166666667	26.6	0
2006	308.25	11.66241379607	26.9595833333333	0
2006	309.25	11.4842319983852	26.7891666666667	0
2006	310.25	12.6634198718231	25.5991666666667	0.26
2006	311.25	14.5675	26.2241666666667	0
2006	312.25	11.9461770638703	26.4525	1.39
2006	313.25	12.8057098347498	26.8633333333333	0
2006	314.25	12.0166916372547	26.4279166666667	12.32
2006	315.25	8.25871576085046	23.0725	39.12
2006	316.25	14.6149819795973	25.8120833333333	0.13
2006	317.25	13.0693047747538	25.9054166666667	0
2006	318.25	12.4953812390762	23.125	11.94
2006	319.25	10.9153077811844	24.93875	0
2006	320.25	14.7325724857128	25.7295833333333	1.78
2006	321.25	12.6228698744284	24.6425	1.02
2006	322.25	7.82523112512938	21.8045833333333	7.75
2006	323.25	13.036095465562	24.3720833333333	1.78
2006	324.25	11.7320406320349	24.3433333333333	7.88
2006	325.25	12.3186934355122	24.3341666666667	9.01
2006	326.25	9.66366825098386	23.6875	4.7
2006	327.25	13.6714017747417	24.1045833333333	2.92
2006	328.25	14.2916933823493	26.2795833333333	0
2006	329.25	17.4032926602923	26.0025	0.25
2006	330.25	13.1081599670508	26.02	0
2006	331.25	14.299926120124	27.8116666666667	0
2006	332.25	11.7325	NA	0
2006	333.25	11.80125	NA	0
2006	334.25	16.8891666666667	NA	0
2006	335.25	14.0391666666667	NA	0
2006	336.25	14.51875	NA	0
2006	337.25	14.1729166666667	NA	0
2006	338.25	13.285	NA	0
2006	339.25	14.6775	NA	0
2006	340.25	12.09625	NA	0
2006	341.25	15.8141666666667	NA	0
2006	342.25	11.4629166666667	NA	0
2006	343.25	13.26	NA	0
2006	344.25	12.3379166666667	NA	0
2006	345.25	14.77375	NA	0
2006	346.25	15.3425	NA	0
2006	347.25	9.55125	NA	0
2006	348.25	11.455	NA	0
2006	349.25	6.43791666666667	NA	0
2006	350.25	10.2866666666667	NA	0
2006	351.25	9.06166666666667	NA	0
2006	352.25	5.31458333333333	NA	0
2006	353.25	9.52958333333333	NA	0
2006	354.25	8.37875	NA	0
2006	355.25	10.2570833333333	NA	0
2006	356.25	7.17666666666667	NA	0
2006	357.25	9.18583333333333	NA	0
2006	358.25	10.8933333333333	NA	0
2006	359.25	12.1166666666667	NA	0
2006	360.25	9.26875	NA	0
2006	361.25	7.995	NA	0
2006	362.25	2.8325	NA	0
2006	363.25	3.58416666666667	NA	0
2006	364.25	3.5475	NA	0
2006	365.25	4.13875	NA	0
2007	1.25	4.13875	NA	0
2007	2.25	4.22125	NA	0
2007	3.25	5.01416666666667	NA	0
2007	4.25	6.69195397155215	27.225	0.13
2007	5.25	5.13791666666667	NA	0
2007	6.25	5.05083333333333	NA	0
2007	7.25	5.10583333333333	NA	0
2007	8.25	5.12416666666667	NA	0
2007	9.25	5.10583333333333	NA	0
2007	10.25	5.18833333333333	NA	0
2007	11.25	5.20666666666667	NA	0
2007	12.25	9.2999202041962	24.6942105263158	1.91
2007	13.25	10.7067809081944	24.4275	7.11
2007	14.25	12.9578774511538	26.1225	0
2007	15.25	13.3128571912409	25.7358333333333	2.03
2007	16.25	11.7576988239444	25.2816666666667	0.63
2007	17.25	12.2102619354457	26.0879166666667	0
2007	18.25	14.8960974678817	26.085	0
2007	19.25	15.1882226504307	25.3941666666667	0.38
2007	20.25	13.4678951820153	25.0866666666667	1.77
2007	21.25	13.673311081784	26.30375	0.26
2007	22.25	14.4074451545229	25.7945833333333	0.39
2007	23.25	14.2535267561718	25.5466666666667	12.32
2007	24.25	13.5875387968474	25.1633333333333	0.64
2007	25.25	12.2025969639022	25.64375	2.92
2007	26.25	14.1312476475137	25.6945833333333	0
2007	27.25	12.1454933659515	24.7258333333333	10.92
2007	28.25	12.8829544564612	24.855	1.78
2007	29.25	14.5046707347063	25.19625	1.02
2007	30.25	14.161276581595	25.2808333333333	1.02
2007	31.25	11.8384020789955	24.8033333333333	3.17
2007	32.25	12.5634366021575	24.2358333333333	8.37
2007	33.25	13.308131982689	23.8145833333333	2.92
2007	34.25	11.2325033288666	24.0475	11.41
2007	35.25	13.7298371405674	24.3454166666667	2.53
2007	36.25	15.7077800800261	23.9941666666667	6.44
2007	37.25	8.48868772985819	22.8675	13.29
2007	38.25	11.9288671135559	22.66	8.98
2007	39.25	16.8778940963415	23.9175	0.12
2007	40.25	11.6983749325636	24.21	0.25
2007	41.25	13.1934843127285	25.8066666666667	0
2007	42.25	12.9399950973483	25.62625	4.7
2007	43.25	11.3740914550184	25.145	7.35
2007	44.25	13.1179166666667	24.9425	0
2007	45.25	11.9574188788302	24.28	0
2007	46.25	10.5758738185013	23.3479166666667	13.08
2007	47.25	9.43328641335938	23.195	3.93
2007	48.25	14.2349669538294	25.4195833333333	0
2007	49.25	12.895287644126	25.4708333333333	0
2007	50.25	11.1360201397424	23.52875	14.36
2007	51.25	15.4213532743226	24.23875	0
2007	52.25	9.83236261572101	23.1333333333333	7.47
2007	53.25	14.9009534560626	23.63625	4.41
2007	54.25	13.2512914761745	24.1425	2.76
2007	55.25	13.5433527702553	24.985	7.34
2007	56.25	13.2835588378189	25.3179166666667	13.2
2007	57.25	16.6975301693628	25.0166666666667	2.77
2007	58.25	10.0727378523752	23.88375	11.79
2007	59.25	11.8614816289493	24.6691666666667	0.12
2007	60.25	13.3007951508089	24.3370833333333	1.51
2007	61.25	12.8229593094905	24.2741666666667	2.9
2007	62.25	9.73079831600315	23.25375	7.48
2007	63.25	12.410496578852	24.1108333333333	0.61
2007	64.25	13.3639722800818	23.8741666666667	27.53
2007	65.25	15.2716821235015	24.2925	0.63
2007	66.25	13.5286244889751	24.5095833333333	6.33
2007	67.25	13.832359481643	23.3075	1.51
2007	68.25	11.401822989743	24.6941666666667	0.87
2007	69.25	11.5346321666955	23.0704166666667	11.91
2007	70.25	14.2208133567845	24.0616666666667	0
2007	71.25	12.0070833333333	23.44	0.62
2007	72.25	11.9918106445574	22.7683333333333	17
2007	73.25	11.6351283132578	23.8825	5.06
2007	74.25	10.9452161667392	22.3425	6.2
2007	75.25	10.73316452345	23.2520833333333	0.24
2007	76.25	10.0851726452256	23.3770833333333	8.23
2007	77.25	10.733989696311	23.245	1.76
2007	78.25	10.7734970092263	23.4433333333333	10.4
2007	79.25	7.15196220091281	21.7404166666667	4.93
2007	80.25	12.6028472132995	22.8375	2.14
2007	81.25	9.56127257586846	22.2420833333333	10.14
2007	82.25	12.4551870217492	24.0254166666667	15.87
2007	83.25	14.27875	24.55375	11.8
2007	84.25	14.3358248837476	24.52125	7.71
2007	85.25	12.1451408509433	24.6833333333333	7.23
2007	86.25	13.5190553691733	24.0383333333333	1.39
2007	87.25	13.2612929004308	24.60875	3.42
2007	88.25	13.0338209258943	24.8270833333333	0
2007	89.25	12.6615964923324	25.2708333333333	19.03
2007	90.25	12.5644065225761	24.6025	0.74
2007	91.25	12.7318482283251	24.0279166666667	1.26
2007	92.25	14.0971774134774	24.03	12.81
2007	93.25	13.8959890607596	23.9433333333333	0.12
2007	94.25	13.4790341796139	24.88125	0.25
2007	95.25	12.8968143223277	24.3958333333333	1.12
2007	96.25	12.005874691217	25.4266666666667	0.25
2007	97.25	13.0941483734079	24.4779166666667	0.74
2007	98.25	12.2248577300783	23.6925	2.9
2007	99.25	10.4389532109157	23.4458333333333	4.69
2007	100.25	14.1650107605504	23.7866666666667	0
2007	101.25	11.2489740872383	22.56625	6.56
2007	102.25	10.7124550138542	24.015	2.65
2007	103.25	11.9924811426666	23.9704166666667	0.12
2007	104.25	13.3449376965829	23.88375	8.24
2007	105.25	11.7001071238303	22.12	2.12
2007	106.25	11.1735360529443	22.885	22.09
2007	107.25	12.2234844206611	22.6358333333333	0.36
2007	108.25	12.9180441517814	22.1120833333333	0.12
2007	109.25	13.9565251470815	23.1866666666667	5.95
2007	110.25	13.3898431368416	21.4654166666667	9.64
2007	111.25	10.783948933706	22.6529166666667	15.11
2007	112.25	6.89667563241566	21.33125	1.64
2007	113.25	13.9226694694094	23.2516666666667	2.14
2007	114.25	11.9759713360067	22.5108333333333	0
2007	115.25	12.0425	23.9879166666667	0
2007	116.25	14.6583333333333	22.29375	1.51
2007	117.25	11.3874144611663	20.88	6.71
2007	118.25	11.0433942251468	19.5625	17.14
2007	119.25	10.565169939754	19.7341666666667	7.61
2007	120.25	11.0253088807938	20.8275	0
2007	121.25	11.788499857749	21.37	0.89
2007	122.25	12.2279890312464	21.2770833333333	0
2007	123.25	13.1823599918382	22.4954166666667	0.64
2007	124.25	11.3888712744383	22.595	11.56
2007	125.25	13.5356715049645	22.7104166666667	0
2007	126.25	11.7144446503174	19.3766666666667	2.42
2007	127.25	8.57816880367435	18.0766666666667	10.8
2007	128.25	13.1683529559677	20.45875	1.39
2007	129.25	11.239782148175	21.1445833333333	0.76
2007	130.25	12.0857817400369	20.5225	1.14
2007	131.25	11.933234915403	22.0033333333333	0.13
2007	132.25	11.0908333333333	23.88625	0
2007	133.25	12.3035809414891	23.2245833333333	16.77
2007	134.25	9.6848797311559	21.6320833333333	4.82
2007	135.25	14.979681673422	22.9933333333333	6.73
2007	136.25	10.1545833333333	23.00625	0
2007	137.25	10.89875	24.2829166666667	0
2007	138.25	13.24625	24.4070833333333	0
2007	139.25	12.9470833333333	23.3554166666667	4.2
2007	140.25	8.0075	19.1683333333333	0.13
2007	141.25	13.2870833333333	22.6854166666667	0.13
2007	142.25	8.6261370322434	20.9583333333333	3.56
2007	143.25	10.8678004293399	20.1616666666667	16.88
2007	144.25	12.230126901462	24.0479166666667	0
2007	145.25	15.2449600160371	24.1704166666667	0
2007	146.25	12.566085520004	22.9220833333333	3.81
2007	147.25	12.9063384207904	20.9895833333333	0.89
2007	148.25	12.7183997642138	22.3095833333333	0
2007	149.25	12.21125	22.8325	0
2007	150.25	14.3860601100305	22.8758333333333	2.03
2007	151.25	13.0127082238074	22.3925	2.16
2007	152.25	12.91	21.9504166666667	3.17
2007	153.25	11.8925	23.2466666666667	2.02
2007	154.25	13.0966666666667	24.8404166666667	0
2007	155.25	11.02	25.3370833333333	0
2007	156.25	14.3080210922346	23.4966666666667	5.46
2007	157.25	10.5493565473883	22.9741666666667	2.27
2007	158.25	12.3408333333333	24.41125	0
2007	159.25	12.50875	24.0604166666667	0
2007	160.25	12.9595833333333	24.1270833333333	0.12
2007	161.25	12.3632249666867	21.8308333333333	10.4
2007	162.25	11.2375	22.2008333333333	10.41
2007	163.25	12.4966666666667	24.0441666666667	0
2007	164.25	13.84	23.78	0.5
2007	165.25	12.1141666666667	23.5233333333333	0
2007	166.25	12.3045833333333	23.0495833333333	0.5
2007	167.25	10.4556055303966	23.0325	0.88
2007	168.25	13.9175649302762	23.61	0.62
2007	169.25	9.96771302718298	20.7391666666667	13.45
2007	170.25	12.9379166666667	22.185	6.09
2007	171.25	11.7895833333333	23.1608333333333	0
2007	172.25	12.1916666666667	24.32375	0
2007	173.25	11.2658333333333	24.8475	0
2007	174.25	11.26625	25.68125	0
2007	175.25	11.3347708420414	26.0970833333333	0
2007	176.25	12.7894878859407	25.5141666666667	0
2007	177.25	13.3360879072983	24.9545833333333	2.15
2007	178.25	13.959875	25.04125	0
2007	179.25	11.9320833333333	25.59375	0
2007	180.25	11.9738008139112	25.5470833333333	0
2007	181.25	13.491717583379	22.8120833333333	4.7
2007	182.25	13.7304166666667	24.4725	1.4
2007	183.25	13.5695833333333	23.2154166666667	2.8
2007	184.25	14.5319583333333	23.2691666666667	2.28
2007	185.25	13.0394583333333	23.2166666666667	1.52
2007	186.25	12.4865416666667	23.8233333333333	0
2007	187.25	13.98	24.4816666666667	0
2007	188.25	13.3570833333333	23.5566666666667	0.25
2007	189.25	13.36875	24.4770833333333	0
2007	190.25	13.865	23.1354166666667	0.25
2007	191.25	13.8716666666667	21.0433333333333	2.93
2007	192.25	12.0407083333333	21.9170833333333	1.51
2007	193.25	10.339875	19.4708333333333	7.51
2007	194.25	14.5025	22.0529166666667	0
2007	195.25	14.80875	21.95875	0
2007	196.25	13.07875	22.7391666666667	0
2007	197.25	12.3258333333333	23.0691666666667	0
2007	198.25	14.4029166666667	23.3845833333333	0
2007	199.25	13.2483333333333	23.54	0
2007	200.25	14.0575	24.0120833333333	0
2007	201.25	14.0807083333333	23.3658333333333	0
2007	202.25	13.755	21.20875	0.25
2007	203.25	12.2625	23.6154166666667	0
2007	204.25	11.83375	25.1016666666667	0
2007	205.25	13.1991666666667	24.9975	0
2007	206.25	14.9890416666667	24.5229166666667	0
2007	207.25	12.9475	24.1020833333333	0
2007	208.25	14.6104166666667	24.2083333333333	0
2007	209.25	15.4091666666667	22.7758333333333	4.44
2007	210.25	12.475	21.9741666666667	11.94
2007	211.25	12.5695833333333	21.8120833333333	0
2007	212.25	13.0479166666667	23.81375	0
2007	213.25	13.6422775077216	24.2916666666667	0
2007	214.25	14.5470930766867	24.775	0
2007	215.25	13.0151297994897	24.5970833333333	0
2007	216.25	12.8547177330365	24.98375	0
2007	217.25	11.6643970744795	22.4854166666667	2.93
2007	218.25	10.8686712373982	21.2704166666667	0
2007	219.25	12.6665591312069	22.6220833333333	0
2007	220.25	13.3653295565816	22.03125	0.76
2007	221.25	11.4726556273494	22.1958333333333	0
2007	222.25	12.7779852455233	23.40875	0
2007	223.25	12.8192836584541	24.1116666666667	0
2007	224.25	12.3997028829606	22.3408333333333	0.88
2007	225.25	8.16594322145082	20.7475	6.23
2007	226.25	11.6738952915071	22.83625	0
2007	227.25	11.5868022332686	23.39875	0
2007	228.25	11.2543980072394	23.9895833333333	0
2007	229.25	9.89048089819476	23.8508333333333	0
2007	230.25	10.5468911715001	23.22	0
2007	231.25	11.3782873273221	23.6625	0
2007	232.25	10.0251966403006	24.2420833333333	0
2007	233.25	9.22131501168631	23.0329166666667	0.63
2007	234.25	9.7778682205808	22.20625	0.26
2007	235.25	6.85469766606964	19.4641666666667	1.4
2007	236.25	8.66568944538156	22.3458333333333	0.13
2007	237.25	9.23127234927866	22.7995833333333	0
2007	238.25	8.50412615042147	21.94	0
2007	239.25	8.68879681592345	21.2825	0
2007	240.25	8.67009105957546	23.0766666666667	0
2007	241.25	9.39995595596036	23.5408333333333	0
2007	242.25	9.05050741248447	22.41625	0.51
2007	243.25	9.44838542345068	23.0166666666667	0
2007	244.25	9.64591113132021	23.3729166666667	0
2007	245.25	9.13359481157699	23.4658333333333	0
2007	246.25	8.86372875149009	22.3054166666667	0
2007	247.25	8.25469563119287	21.1104166666667	0.38
2007	248.25	7.91918764550876	21.28	0
2007	249.25	9.12679314135621	22.6895833333333	0
2007	250.25	7.28091213476888	17.6554166666667	5.73
2007	251.25	8.86413011379971	20.1320833333333	0
2007	252.25	8.69603821463151	20.9420833333333	2.28
2007	253.25	9.46511804655454	22.0266666666667	0
2007	254.25	8.51616401217786	21.4754166666667	0
2007	255.25	7.72884754233861	22.0941666666667	0
2007	256.25	8.58358318842948	22.1620833333333	0
2007	257.25	8.95410167288508	22.275	0.76
2007	258.25	7.56946061313533	21.46875	4.95
2007	259.25	8.36143303654784	20.46125	2.41
2007	260.25	8.15189373329027	19.8595833333333	3.94
2007	261.25	9.02832970449392	21.5983333333333	0
2007	262.25	9.9006159387189	22.2291666666667	0
2007	263.25	10.0100734643522	22.7333333333333	0
2007	264.25	9.79215909649735	23.435	0
2007	265.25	10.6889314388056	23.7191666666667	0
2007	266.25	9.76607526754046	23.2633333333333	0
2007	267.25	10.1176545574002	22.52	0
2007	268.25	10.34436002076	22.4954166666667	0
2007	269.25	10.6443462814006	22.4579166666667	0
2007	270.25	11.1010466156102	23.4420833333333	0
2007	271.25	10.4101875237454	23.1266666666667	0
2007	272.25	13.8556652383732	23.2195833333333	0
2007	273.25	9.94418629982555	21.6520833333333	1.78
2007	274.25	13.604981121479	20.71625	0.38
2007	275.25	12.7720516233262	20.6266666666667	0
2007	276.25	12.5938298845296	21.1875	0
2007	277.25	14.5221006077969	21.7166666666667	0.13
2007	278.25	12.0006179629378	19.26625	0
2007	279.25	13.0566977711299	21.035	0
2007	280.25	13.0739151128811	21.1433333333333	0.89
2007	281.25	13.3178325972622	21.2058333333333	0.39
2007	282.25	15.3251807993842	21.0945833333333	5.21
2007	283.25	14.4380431766116	20.4895833333333	0
2007	284.25	12.9653265532609	18.8133333333333	0
2007	285.25	12.3543932476168	21.00125	1.14
2007	286.25	13.8529704852811	21.70875	0
2007	287.25	13.7256660261956	22.0979166666667	0
2007	288.25	14.5409253616745	20.22375	0.77
2007	289.25	12.650932109528	21.5154166666667	0
2007	290.25	14.501069268038	21.1891666666667	0
2007	291.25	14.9229166666667	22.3016666666667	0
2007	292.25	15.344712440941	22.0958333333333	0
2007	293.25	13.9319225561853	22.3704166666667	1.65
2007	294.25	10.5503874574288	21.9870833333333	0
2007	295.25	8.51482945955894	19.09	10.55
2007	296.25	11.5994730524297	21.2895833333333	0.13
2007	297.25	12.5437531615002	22.395	0
2007	298.25	10.9770923805124	20.2041666666667	0.89
2007	299.25	11.5368846942071	22.1920833333333	0
2007	300.25	9.28321399962854	20.1208333333333	7.62
2007	301.25	10.8263538109164	20.61875	1.78
2007	302.25	11.356033012811	19.9283333333333	6.49
2007	303.25	11.4285718764109	20.4445833333333	4.58
2007	304.25	9.44180374869127	20.2779166666667	0
2007	305.25	12.4683440237417	20.9216666666667	0
2007	306.25	8.49320985194068	20.74875	0
2007	307.25	12.1348574271809	20.8579166666667	1.4
2007	308.25	12.870696621958	22.0075	0.13
2007	309.25	8.83400914651337	21.7875	1.02
2007	310.25	8.39908639820512	21.4066666666667	0.25
2007	311.25	9.2722136429428	22.1491666666667	0
2007	312.25	8.99898860713675	22.5279166666667	0
2007	313.25	8.37476617292957	22.4425	0
2007	314.25	10.5958858971304	22.1670833333333	0
2007	315.25	9.19407352061326	22.04625	0
2007	316.25	10.0752351194736	22.2216666666667	0
2007	317.25	9.88571506361234	22.36	0
2007	318.25	9.81576946850131	22.7566666666667	0
2007	319.25	9.62943817604367	21.9045833333333	0.51
2007	320.25	9.35494769930565	22.6666666666667	0
2007	321.25	7.87535096549498	21.5020833333333	0.25
2007	322.25	7.95954440101072	20.86	3.17
2007	323.25	8.28967281217	21.4341666666667	0
2007	324.25	9.13430709028665	22.48875	0
2007	325.25	8.33883613170681	22.54375	0
2007	326.25	8.30273752989178	21.42	0.13
2007	327.25	8.30304427590622	22.2025	0
2007	328.25	11.278611715115	22.72625	1.65
2007	329.25	12.5357360808804	22.3370833333333	0
2007	330.25	8.99388530654456	21.1954166666667	0.51
2007	331.25	9.40369344154282	23.7504166666667	4.07
2007	332.25	9.73597361269033	24.9429166666667	0.38
2007	333.25	11.4702668918919	26.4958333333333	0
2007	334.25	9.36883751703761	27.0220833333333	0
2007	335.25	7.64073318098897	25.4875	1.51
2007	336.25	7.12708467184952	23.6208333333333	10.79
2007	337.25	11.8925	25.8241666666667	0
2007	338.25	11.1370365624897	27.55	0
2007	339.25	12.3094844272413	27.0916666666667	0
2007	340.25	8.53676016787512	26.28625	0
2007	341.25	11.270521154208	25.9025	7.97
2007	342.25	11.7635396079233	23.3683333333333	36.66
2007	343.25	10.6514388925855	24.9	5.7
2007	344.25	11.5248070848642	25.6495833333333	0.12
2007	345.25	10.4622746821666	26.6345833333333	0
2007	346.25	9.53114489962226	26.23375	0
2007	347.25	9.08623350926931	26.1954166666667	1.39
2007	348.25	9.39652079139791	25.2791666666667	0
2007	349.25	9.37434681090495	25.2766666666667	0
2007	350.25	10.1075822917016	25.2783333333333	2.16
2007	351.25	10.640288273474	25.36375	0
2007	352.25	10.5245551658233	25.3658333333333	1.75
2007	353.25	10.2595674774974	25.9433333333333	0.76
2007	354.25	7.31507076139363	24.6833333333333	1.51
2007	355.25	10.0584592904164	26.5583333333333	0
2007	356.25	10.7482012054991	26.91625	0.51
2007	357.25	9.00739029273674	26.02625	6.34
2007	358.25	7.39163116319386	25.29625	14.19
2007	359.25	9.09553467429044	24.64125	2.53
2007	360.25	10.3146244334456	25.3220833333333	5.2
2007	361.25	18.1738464255894	26.28	16.12
2007	362.25	10.6791666775054	24.6154166666667	6.43
2007	363.25	9.56957962993115	23.6379166666667	1.36
2007	364.25	13.8562681196315	24.9045833333333	1.26
2007	365.25	11.8221426922849	24.24375	4.95
2008	1.25	10.1338066890219	24.2858333333333	0.12
2008	2.25	10.3098630894641	24.5508333333333	0.62
2008	3.25	12.6284384537399	25.0016666666667	0
2008	4.25	13.2752444613873	24.85875	2.14
2008	5.25	12.9679287009662	24.66875	0.49
2008	6.25	13.2774178912395	25.9041666666667	2.16
2008	7.25	13.6372082691465	25.6570833333333	0
2008	8.25	13.1848413292371	26.0233333333333	0
2008	9.25	8.45162670931713	23.9725	16.26
2008	10.25	11.7893295981064	24.9933333333333	6.46
2008	11.25	15.0479166666667	25.5675	0
2008	12.25	14.9855172993616	26.91625	0
2008	13.25	11.5632421024428	25.2616666666667	3.39
2008	14.25	10.3575691553402	23.2033333333333	4.29
2008	15.25	10.5687128766003	23.6095833333333	6.47
2008	16.25	12.13875	25.1154166666667	0.12
2008	17.25	15.2715963388599	24.4866666666667	3.03
2008	18.25	13.0404318581803	23.47375	0
2008	19.25	11.7825642169174	24.2975	0.75
2008	20.25	9.57382717071145	24.2225	3.27
2008	21.25	10.7681903478811	24.9233333333333	6.47
2008	22.25	10.2153692715803	24.2145833333333	4.79
2008	23.25	11.9728236070966	24.3383333333333	0.38
2008	24.25	12.0882991892646	24.7654166666667	0.6
2008	25.25	8.92103795439876	24.85625	4.19
2008	26.25	9.9276271748594	24.8575	1.27
2008	27.25	12.353790708465	24.6033333333333	0
2008	28.25	10.861299620455	24.5545833333333	1
2008	29.25	10.5217225083364	24.5583333333333	12.06
2008	30.25	12.9262534613907	25.2358333333333	17.36
2008	31.25	7.82509941310439	23.005	4.9
2008	32.25	11.4625060699378	23.5683333333333	8.59
2008	33.25	9.95106621768903	23.905	0.36
2008	34.25	10.4717061547959	24.9225	3.66
2008	35.25	9.59627903300994	25.4520833333333	0.25
2008	36.25	7.70871408207455	24.0195833333333	0.61
2008	37.25	9.30237739011579	24.2633333333333	3.67
2008	38.25	10.3314827757055	25.0179166666667	0
2008	39.25	11.340915134292	25.81	0
2008	40.25	11.4552756739504	26.1783333333333	0
2008	41.25	10.9415109309312	26.0391666666667	0
2008	42.25	10.5544242537085	25.66	2.15
2008	43.25	9.05960358484135	24.73125	12.19
2008	44.25	6.27752750263948	23.0695833333333	7.98
2008	45.25	8.98881416081947	24.9329166666667	0.12
2008	46.25	9.27159421349091	23.8691666666667	1.01
2008	47.25	8.72116631804671	24.19	2.28
2008	48.25	8.83420030087766	24.1441666666667	0.12
2008	49.25	11.4222775930412	25.5366666666667	0.62
2008	50.25	12.8472585352424	24.7804166666667	12.43
2008	51.25	5.93927240168077	23.5604166666667	17.76
2008	52.25	4.90970705045871	22.1816666666667	4.94
2008	53.25	11.6679432453508	24.6425	10.52
2008	54.25	10.2944365200236	24.8575	3.3
2008	55.25	13.3094606974233	25.7079166666667	2.8
2008	56.25	13.076717067259	25.9866666666667	0
2008	57.25	10.3168189835287	24.6054166666667	7.98
2008	58.25	11.1957828527347	24.78625	0.38
2008	59.25	12.030487587709	24.97125	0.12
2008	60.25	11.3693296134956	25.14125	4.67
2008	61.25	9.24457357139058	23.4875	36.4
2008	62.25	7.36591847148661	23.1545833333333	1.21
2008	63.25	13.2768204005901	24.9725	2.8
2008	64.25	16.6959747511547	25.07625	1.88
2008	65.25	16.0055235221671	25.4925	0.76
2008	66.25	14.92875	24.6629166666667	17.36
2008	67.25	10.6710390802537	24.4004166666667	0.12
2008	68.25	14.2670051517997	25.0366666666667	1.25
2008	69.25	10.5503491957683	23.4170833333333	0.5
2008	70.25	14.6513453551636	25.3875	0.12
2008	71.25	13.1509185681177	25.0658333333333	2.77
2008	72.25	14.9650355208299	25.09625	1
2008	73.25	12.0528814847919	24.58	7.87
2008	74.25	9.85136511301279	24.4795833333333	13.84
2008	75.25	12.3207691840503	25.47	4.32
2008	76.25	15.0503658066569	25.2658333333333	0.25
2008	77.25	13.0924069411509	25.8658333333333	2.29
2008	78.25	11.0880538151698	23.4441666666667	14.98
2008	79.25	12.0876519765855	24.3116666666667	11.43
2008	80.25	11.9046003746299	24.6733333333333	0.38
2008	81.25	13.3438089968809	24.96875	13.98
2008	82.25	9.93690975563174	24.5379166666667	10.92
2008	83.25	12.0125942407246	25.1425	12.58
2008	84.25	11.1455191760621	24.8575	14.98
2008	85.25	8.54231474343682	24.2129166666667	8.26
2008	86.25	14.6378605090273	25.41125	3.43
2008	87.25	10.9583942141258	24.1016666666667	0.13
2008	88.25	11.982726248338	24.1020833333333	24.51
2008	89.25	14.1791373169744	23.7116666666667	3.05
2008	90.25	10.0803196102184	24.0470833333333	3.06
2008	91.25	11.0950335340482	23.6658333333333	82.27
2008	92.25	9.68401436221181	23.8179166666667	0.99
2008	93.25	11.337639647475	24.3775	0.49
2008	94.25	12.0983570309294	24.97	4.69
2008	95.25	11.6076722532577	23.6725	0.88
2008	96.25	14.6166666666667	25.025	0
2008	97.25	12.9241479401714	24.5970833333333	0
2008	98.25	14.113293541938	26.6675	0
2008	99.25	9.01536183946267	24.285	10.15
2008	100.25	11.7232493640897	25.325	2.54
2008	101.25	13.0335632487122	26.2295833333333	19.05
2008	102.25	11.5844781241949	24.6816666666667	1.49
2008	103.25	12.1897281268129	25.1341666666667	0.73
2008	104.25	10.6818692380906	23.97	14.97
2008	105.25	12.8700908142783	25.7358333333333	1.27
2008	106.25	12.2200204735999	24.5025	14.71
2008	107.25	13.0806721100937	24.8770833333333	0.25
2008	108.25	11.020312803746	24.6341666666667	2.01
2008	109.25	12.3694467048347	24.7708333333333	0
2008	110.25	11.3335379074321	24.9404166666667	2.28
2008	111.25	13.5937723971725	25.5591666666667	3.03
2008	112.25	12.7504602699602	26.03625	1.13
2008	113.25	11.7205179491593	25.31875	0.75
2008	114.25	12.5189235654804	25.3316666666667	0.63
2008	115.25	12.1079246590712	26.0275	35.53
2008	116.25	14.4032709941064	25.0333333333333	9.25
2008	117.25	12.5461267169704	25.99125	1.64
2008	118.25	12.1810667749531	25.1991666666667	1.99
2008	119.25	10.1258722592039	23.8483333333333	31.33
2008	120.25	14.1142222253877	25.6391666666667	3.78
2008	121.25	9.52537778583596	24.3195833333333	1.27
2008	122.25	12.5894784904891	25.4566666666667	0
2008	123.25	12.8072825868495	25.1966666666667	36.04
2008	124.25	8.87906382716863	23.9370833333333	6.1
2008	125.25	13.1350719708125	25.745	0.76
2008	126.25	13.8566680254627	26.1866666666667	0.76
2008	127.25	10.7667683010455	25.1483333333333	3.56
2008	128.25	10.2774267820433	24.57	11.81
2008	129.25	13.1709920763859	26.0241666666667	1.53
2008	130.25	11.0460535064723	24.5725	7.87
2008	131.25	8.73330686499705	23.13125	0.26
2008	132.25	14.7610822684829	25.5991666666667	3.04
2008	133.25	15.9734162206785	26.1908333333333	0
2008	134.25	10.5679633524787	24.655	0.77
2008	135.25	12.549022445228	25.0183333333333	0
2008	136.25	9.58133023460486	24.1720833333333	1.91
2008	137.25	13.4395747583826	26.12375	0
2008	138.25	11.8006373141357	26.2091666666667	0
2008	139.25	12.1941626536981	25.7708333333333	0
2008	140.25	13.0874439198977	25.835	6.73
2008	141.25	12.7053065530466	27.3033333333333	0
2008	142.25	11.3163672054898	24.7083333333333	1.02
2008	143.25	12.5626326379069	26.36375	11.69
2008	144.25	5.04386103272394	23.5366666666667	8.39
2008	145.25	12.8985098387947	25.79875	16.37
2008	146.25	9.51138503573711	24.3916666666667	4.71
2008	147.25	12.2634235654394	26.00125	0.13
2008	148.25	12.8109543880752	26.0266666666667	2.28
2008	149.25	11.8091286949829	26.1204166666667	8
2008	150.25	7.94192771710331	24.4820833333333	3.3
2008	151.25	9.54708850150399	24.5954166666667	10.28
2008	152.25	13.1558333333333	24.945	15.24
2008	153.25	12.2859860359827	24.1829166666667	5.34
2008	154.25	11.1854073488926	23.4820833333333	14.09
2008	155.25	12.6004166666667	25.4158333333333	0.63
2008	156.25	12.2383333333333	25.1041666666667	1.27
2008	157.25	13.3394583333333	25.6570833333333	0.13
2008	158.25	8.89290813634441	25.3233333333333	1.52
2008	159.25	11.4229166666667	26.1229166666667	0
2008	160.25	11.3454166666667	26.1829166666667	0
2008	161.25	13.09375	27.2179166666667	0
2008	162.25	8.49877244222679	24.2054166666667	4.83
2008	163.25	11.5652857786984	25.62625	0
2008	164.25	13.9920833333333	26.0945833333333	1.66
2008	165.25	6.11714357362822	23.85875	7.62
2008	166.25	11.11375	26.0941666666667	0
2008	167.25	10.5285967806356	25.4854166666667	15.13
2008	168.25	11.8099017293658	25.7779166666667	6.47
2008	169.25	12.2571460334183	25.5770833333333	5.97
2008	170.25	13.1578718907906	25.4041666666667	0.13
2008	171.25	11.6841666666667	26.1379166666667	0
2008	172.25	9.87958333333333	24.8158333333333	1.4
2008	173.25	10.09875	26.2883333333333	0.13
2008	174.25	10.3120833333333	26.9479166666667	0
2008	175.25	10.7495833333333	26.9220833333333	0
2008	176.25	10.9083333333333	25.8579166666667	0
2008	177.25	11.8410934045384	25.0504166666667	0
2008	178.25	12.2741666666667	25.6733333333333	0
2008	179.25	12.445	26.965	0
2008	180.25	9.44625	27.4383333333333	0
2008	181.25	8.70208333333333	27.4495833333333	0
2008	182.25	10.17375	27.4641666666667	0
2008	183.25	11.3066309326003	26.7291666666667	0
2008	184.25	11.4592682875416	26.5070833333333	0.12
2008	185.25	11.5303060002129	26.7966666666667	0
2008	186.25	10.8917017106477	26.1583333333333	0.5
2008	187.25	11.9169894989417	26.4358333333333	0
2008	188.25	9.41257778284874	25.69625	1.52
2008	189.25	10.4102544674055	25.1175	33.76
2008	190.25	11.8877001383855	26.5075	0
2008	191.25	11.9497112713039	26.98875	0
2008	192.25	11.8444521809777	27.40125	0
2008	193.25	8.36344901975021	27.905	0
2008	194.25	9.04309826958029	28.2375	0
2008	195.25	9.06134545452012	27.9508333333333	0
2008	196.25	8.74095037043407	27.3691666666667	0
2008	197.25	8.9190325034703	27.4083333333333	0
2008	198.25	9.41975287613671	27.3608333333333	0
2008	199.25	11.6029633983796	25.4791666666667	0.98
2008	200.25	10.2135642333417	24.5929166666667	1.25
2008	201.25	11.0964321828955	25.7275	0.89
2008	202.25	11.4947180756903	26.21125	0
2008	203.25	11.3754537494451	26.9108333333333	0
2008	204.25	12.153567127453	26.56	0.63
2008	205.25	12.2356048109282	26.9925	0
2008	206.25	11.1704779894996	25.9433333333333	8.5
2008	207.25	11.9020779521471	25.9541666666667	0
2008	208.25	12.0250251258736	26.7783333333333	0
2008	209.25	12.9305735793554	26.9329166666667	0
2008	210.25	12.5688835481302	26.10625	5.34
2008	211.25	13.1184916035202	26.5979166666667	0.12
2008	212.25	13.7693441743707	27.3729166666667	0
2008	213.25	12.775732024834	26.285	0
2008	214.25	15.0683448685691	26.2454166666667	0
2008	215.25	11.9518471362229	25.29875	0
2008	216.25	13.655	26.8304166666667	0
2008	217.25	12.3868246340432	25.3345833333333	0
2008	218.25	13.7797445024622	26.9841666666667	0
2008	219.25	14.0386476304277	26.9233333333333	0
2008	220.25	14.7058333333333	27.1658333333333	0
2008	221.25	14.0275128141025	27.2129166666667	0
2008	222.25	14.6292189735022	25.5875	2.67
2008	223.25	12.633625	26.7429166666667	0
2008	224.25	14.8775	27.3766666666667	0
2008	225.25	15.4508333333333	27.5133333333333	0
2008	226.25	15.03375	27.6383333333333	0
2008	227.25	15.6004166666667	27.67125	0
2008	228.25	15.50625	27.7641666666667	0
2008	229.25	15.3758333333333	27.1541666666667	0
2008	230.25	14.9533333333333	27.1283333333333	2.41
2008	231.25	12.988104226507	27.3154166666667	0
2008	232.25	15.6379166666667	27.5625	0
2008	233.25	14.8543609198241	27.3125	0
2008	234.25	15.8454166666667	27.82375	0
2008	235.25	14.2216666666667	26.4208333333333	0.39
2008	236.25	11.6061051032562	25.62375	19.95
2008	237.25	14.2333333333333	26.53625	0
2008	238.25	12.885582316849	26.2254166666667	0
2008	239.25	15.3329166666667	26.7708333333333	0
2008	240.25	14.9266380794185	26.95125	0
2008	241.25	15.2207083333333	27.33875	0
2008	242.25	15.3745613424963	26.8704166666667	0
2008	243.25	14.97625	26.4191666666667	2.28
2008	244.25	12.4304166666667	26.6220833333333	1.65
2008	245.25	13.9966614447034	26.2133333333333	0.13
2008	246.25	14.0657778510922	26.43125	0
2008	247.25	13.8093628531344	26.5891666666667	0
2008	248.25	13.0424072683699	26.8541666666667	0
2008	249.25	12.7112756354263	26.63125	0
2008	250.25	15.1661316415325	25.6191666666667	2.28
2008	251.25	13.82375	26.47875	0.51
2008	252.25	14.699391733492	25.3929166666667	3.04
2008	253.25	14.6612657207207	26.8758333333333	0
2008	254.25	15.5083938679415	27.0429166666667	0
2008	255.25	16.1250201582294	26.2491666666667	0
2008	256.25	16.7704500966317	26.30125	6.74
2008	257.25	15.6274949275439	26.4683333333333	0
2008	258.25	14.9389909725795	27.2441666666667	1.27
2008	259.25	15.1194064903211	27.0970833333333	0
2008	260.25	16.3720833333333	26.8504166666667	0
2008	261.25	15.3133461247363	26.35875	10.03
2008	262.25	14.0591666666667	26.4575	0.13
2008	263.25	16.1121988808689	26.08125	0
2008	264.25	13.6717290729636	25.2445833333333	10.16
2008	265.25	13.6955772089799	26.7225	0
2008	266.25	14.3367936027275	27.56375	0
2008	267.25	13.7631265749964	25.7695833333333	0
2008	268.25	15.7491803043143	26.6466666666667	0
2008	269.25	14.6978411585274	26.54125	1.9
2008	270.25	14.0983564796296	26.7208333333333	0
2008	271.25	14.2509660925694	27.1341666666667	0
2008	272.25	14.4977353820889	26.7658333333333	2.03
2008	273.25	15.1380169639767	27.0245833333333	2.41
2008	274.25	14.5339006598505	27.0929166666667	0
2008	275.25	14.7480150114592	27.2670833333333	0
2008	276.25	14.8314066325282	26.3233333333333	3.05
2008	277.25	14.7570833333333	26.5120833333333	7.75
2008	278.25	12.0434286139456	27.6125	0
2008	279.25	15.3560544345545	25.4970833333333	1.27
2008	280.25	13.8179697494463	27.29	0.5
2008	281.25	14.9875033567097	27.53	0
2008	282.25	15.6250698043182	26.3983333333333	6.6
2008	283.25	12.9367221157502	26.0329166666667	1.15
2008	284.25	15.0129837624066	27.2158333333333	0
2008	285.25	14.6977445319645	26.0958333333333	0
2008	286.25	12.4115590151834	25.4820833333333	0
2008	287.25	16.2708333333333	27.2491666666667	0
2008	288.25	14.8096443921538	27.32	0
2008	289.25	16.1916356407217	26.2220833333333	0
2008	290.25	14.6938201260729	26.7329166666667	0
2008	291.25	14.2761121793341	27.0904166666667	0
2008	292.25	15.7502576369084	27.36125	0
2008	293.25	12.048104317873	27.0779166666667	0
2008	294.25	13.9371847159411	26.8870833333333	1.02
2008	295.25	13.8082509169102	26.9825	2.92
2008	296.25	13.401652749494	27.2170833333333	0
2008	297.25	10.7879742362437	26.7325	0
2008	298.25	11.7152921537539	26.54375	0
2008	299.25	12.6250796665022	26.8354166666667	0
2008	300.25	14.1865114944375	27.6879166666667	0
2008	301.25	12.4814600294643	27.4254166666667	0
2008	302.25	12.328852099698	27.07	0
2008	303.25	12.9588972976703	27.4370833333333	0
2008	304.25	12.1408221898327	27.22125	0
2008	305.25	12.1744371402095	27.4745833333333	0
2008	306.25	12.6783643421243	27.3020833333333	1.14
2008	307.25	12.7342002134019	27.685	0
2008	308.25	11.29682386423	26.3120833333333	0
2008	309.25	9.12732648107414	25.21375	7.75
2008	310.25	9.21169115323803	25.8391666666667	3.79
2008	311.25	9.09726799021304	26.73125	0
2008	312.25	9.80976643908196	27.8370833333333	0
2008	313.25	10.157438181556	27.8891666666667	0
2008	314.25	8.25703026227758	25.9891666666667	1.01
2008	315.25	9.40074622596055	27.76	0
2008	316.25	9.14292319130183	27.9058333333333	0
2008	317.25	9.83187540903618	27.9416666666667	0
2008	318.25	8.6438723529976	27.19625	1.14
2008	319.25	8.86528003635962	27.4216666666667	0
2008	320.25	8.45404552051309	27.37	0
2008	321.25	7.06526182658292	25.8558333333333	0
2008	322.25	8.40136048187991	26.9791666666667	0
2008	323.25	9.05590902394333	27.57375	0
2008	324.25	8.32725756949586	27.3508333333333	0
2008	325.25	7.13806562921103	26.7908333333333	5.2
2008	326.25	8.16650943059344	27.0616666666667	3.05
2008	327.25	8.90628896575823	27.6929166666667	0
2008	328.25	7.71244195635737	27.4179166666667	0
2008	329.25	7.00736522908973	26.2379166666667	0
2008	330.25	8.81013773453001	27.1079166666667	7.98
2008	331.25	8.61028416427112	27.36875	0
2008	332.25	8.46124123999115	27.0775	0
2008	333.25	13.3507880990429	26.4404166666667	0.89
2008	334.25	14.9318941809973	27.7	0
2008	335.25	17.6176409796698	28.1216666666667	0
2008	336.25	16.6561887053382	27.5879166666667	0
2008	337.25	14.6992562360992	26.6045833333333	9.11
2008	338.25	8.51943809591014	23.7041666666667	7.73
2008	339.25	16.4845788486634	26.7183333333333	0.12
2008	340.25	11.5007560267801	25.70625	0
2008	341.25	14.9209073016971	27.2795833333333	0
2008	342.25	15.0231992919453	26.16875	0.24
2008	343.25	12.1431095517017	24.92125	8.63
2008	344.25	14.8274334219304	26.1858333333333	0
2008	345.25	14.1749786656872	25.9645833333333	6.72
2008	346.25	14.6236532071959	26.6983333333333	0
2008	347.25	13.9597681762362	26.6216666666667	6.21
2008	348.25	16.5945833333333	27.415	0
2008	349.25	15.8516717725132	27.24625	0
2008	350.25	13.4641217217857	26.3545833333333	3.56
2008	351.25	16.2929849916315	25.9304166666667	20.25
2008	352.25	14.0424441820883	26.2108333333333	0
2008	353.25	8.02598760565661	25.0920833333333	7.36
2008	354.25	10.8490022527103	25.4	0.76
2008	355.25	12.6410418391262	24.9670833333333	1.38
2008	356.25	14.5663498830283	26.6358333333333	0
2008	357.25	13.9453284025434	24.8533333333333	5.95
2008	358.25	13.9657062024358	26.75375	1.64
2008	359.25	14.4611962218739	26.965	0
2008	360.25	10.4447165047422	23.955	8.59
2008	361.25	12.8511306492349	25.08125	5.83
2008	362.25	16.8995012886406	25.7129166666667	0
2008	363.25	14.4176527902901	27.1170833333333	0
2008	364.25	12.7649878168523	26.9920833333333	0
2008	365.25	11.9989104368269	25.5591666666667	1.27
2008	366.25	11.9989104368269	25.5591666666667	1.27
